5.974613598996869612e-12
5.974737631725401954e-12
5.974613598996869612e-12
3.340918253852409592e-12
3.340965525067129960e-12
3.340918253852409592e-12
2.626965268578973500e-12
2.626966786462014980e-12
2.626965268578973500e-12
1.701660513886427140e-12
1.701661272827947879e-12
1.701660513886427140e-12
7.533990250239985809e-13
7.534003260666055635e-13
7.533990250239985809e-13
5.818293980289213074e-13
5.818296148693558045e-13
5.818293980289213074e-13
7.907133606731286957e-13
7.907461577888463822e-13
7.907133606731286957e-13
6.252558692153298292e-13
6.252560318456557020e-13
6.252558692153298292e-13
4.791519286374834596e-13
4.791521996880265810e-13
4.791519286374834596e-13
4.520513737643616636e-13
4.520513737643616636e-13
4.520513737643616636e-13
2.446712537435002943e-13
2.446714163738261671e-13
2.446712537435002943e-13
1.684465826372327779e-13
1.684466775049228704e-13
1.684465826372327779e-13
1.534068147035841378e-13
1.534068418086384500e-13
1.534068147035841378e-13
8.844782409733395467e-14
8.844782409733395467e-14
8.844782409733395467e-14
9.792290242560675040e-12
9.792292844645889005e-12
9.792290242560675040e-12
6.450285184450565978e-12
6.450311638983574625e-12
6.450285184450565978e-12
4.012899387784152339e-12
4.012899387784152339e-12
4.012899387784152339e-12
3.014296928380288954e-12
3.014298012582461439e-12
3.014296928380288954e-12
2.614393077027266088e-12
2.614394161229438573e-12
2.614393077027266088e-12
3.253881972892225249e-12
3.253882623413528741e-12
3.253881972892225249e-12
1.388440577787530827e-12
1.388440794627965325e-12
1.388440577787530827e-12
1.396216909449465859e-12
1.396217885231421096e-12
1.396216909449465859e-12
1.086496777963352756e-12
1.086497428484656247e-12
1.086496777963352756e-12
1.012875872584417802e-12
1.012876414685504045e-12
1.012875872584417802e-12
1.674340787544137399e-12
1.674341112804789145e-12
1.674340787544137399e-12
1.253247505772492332e-12
1.253247614192709580e-12
1.253247505772492332e-12
1.496683500875825579e-13
1.496683771926368700e-13
1.496683500875825579e-13
9.554557394830104355e-14
9.554558072456462159e-14
9.554557394830104355e-14
8.387673368359660486e-12
8.387676837806612440e-12
8.387673368359660486e-12
8.164862015658247429e-12
8.164898444851242942e-12
8.164862015658247429e-12
6.247524199365361852e-12
6.247524633046230846e-12
6.247524199365361852e-12
5.840134365692195573e-12
5.840136100415671550e-12
5.840134365692195573e-12
4.310846384719679847e-12
4.310847252081417835e-12
4.310846384719679847e-12
1.138595402856712457e-12
1.138595836537581452e-12
1.138595402856712457e-12
1.438082400558038376e-12
1.438082400558038376e-12
1.438082400558038376e-12
3.347856117764252959e-13
3.347858557219141051e-13
3.347856117764252959e-13
2.349512186368418742e-13
2.349513541621134349e-13
2.349512186368418742e-13
3.267457105663590378e-13
3.267458460916305985e-13
3.267457105663590378e-13
5.046536105668408823e-13
5.046537731971667551e-13
5.046536105668408823e-13
5.347855947142321487e-13
5.347857031344493972e-13
5.347855947142321487e-13
7.478294784639405446e-13
7.478295326740491689e-13
7.478294784639405446e-13
3.699764561555796138e-13
3.699764832606339260e-13
3.699764561555796138e-13
1.747772120173213262e-13
1.747772391223756383e-13
1.747772120173213262e-13
6.450756812395597173e-13
6.450767654417322028e-13
6.450756812395597173e-13
3.770088841809071667e-12
3.770091010213416638e-12
3.770088841809071667e-12
3.741446388816349611e-12
3.741448123539825588e-12
3.741446388816349611e-12
4.405849383243287676e-12
4.405849816924156670e-12
4.405849383243287676e-12
5.289835843663714954e-12
5.289836711025452942e-12
5.289835843663714954e-12
4.162870135410168260e-12
4.162870569091037254e-12
4.162870135410168260e-12
3.477719197689244091e-12
3.477721366093589062e-12
3.477719197689244091e-12
3.143943872602195100e-12
3.143944523123498591e-12
3.143943872602195100e-12
2.128680912094615962e-12
2.128681345775484957e-12
2.128680912094615962e-12
3.202235568725009252e-13
3.202371907148199304e-13
3.202235568725009252e-13
1.467284681342523323e-13
1.467285358968881126e-13
1.467284681342523323e-13
6.456097592297260768e-13
6.456097592297260768e-13
6.456097592297260768e-13
3.001116878880577543e-13
3.001117420981663786e-13
3.001116878880577543e-13
1.366205868054415351e-12
1.366206193315067097e-12
1.366205868054415351e-12
2.596377540048377952e-12
2.596378841090984935e-12
2.596377540048377952e-12
3.259067711883223417e-12
3.259069229766264897e-12
3.259067711883223417e-12
3.098706187476540919e-12
3.098707922200016895e-12
3.098706187476540919e-12
2.760993256939459073e-12
2.760993473779893570e-12
2.760993256939459073e-12
2.058038201663281441e-12
2.058039285865453927e-12
2.058038201663281441e-12
2.848508104738578517e-12
2.848508321579013014e-12
2.848508104738578517e-12
3.734755126688638072e-12
3.734756427731245054e-12
3.734755126688638072e-12
2.586512384480932347e-12
2.586513251842670336e-12
2.586512384480932347e-12
1.935679047604388359e-12
1.935679264444822856e-12
1.935679047604388359e-12
8.059153930144169475e-13
8.059159351155031903e-13
8.059153930144169475e-13
4.967732497064558661e-13
4.967734123367817389e-13
4.967732497064558661e-13
2.765885393982148166e-13
2.765885665032691287e-13
2.765885393982148166e-13
1.651198166911782561e-13
1.651198437962325682e-13
1.651198166911782561e-13
1.575377523745091768e-12
1.575377740585526265e-12
1.575377523745091768e-12
2.650764807307637305e-12
2.650765240988506299e-12
2.650764807307637305e-12
2.898838124838071240e-13
2.898840022191873089e-13
2.898838124838071240e-13
1.977920187660672791e-13
1.977921136337573715e-13
1.977920187660672791e-13
1.555409555493991736e-12
1.555409772334426233e-12
1.555409555493991736e-12
1.846858386708727373e-12
1.846859037230030864e-12
1.846858386708727373e-12
1.167298354330659205e-12
1.167298571171093702e-12
1.167298354330659205e-12
8.944159974287602122e-13
8.944163226894119578e-13
8.944159974287602122e-13
1.496610019073585374e-12
1.496610452754454368e-12
1.496610019073585374e-12
1.283850738394154423e-12
1.283851063654806168e-12
1.283850738394154423e-12
1.648390950646783093e-12
1.648391492747869336e-12
1.648390950646783093e-12
1.180524970313678867e-12
1.180525403994547862e-12
1.180524970313678867e-12
4.022627771247538897e-13
4.022628584399168261e-13
4.022627771247538897e-13
2.220061293004352287e-13
2.220061564054895409e-13
2.220061293004352287e-13
3.408825142731802815e-13
3.408825142731802815e-13
3.408825142731802815e-13
6.379550208414352941e-13
6.379551292616525426e-13
6.379550208414352941e-13
1.520581620687022628e-12
1.520582054367891622e-12
1.520581620687022628e-12
2.549845317528776079e-12
2.549845534369210576e-12
2.549845317528776079e-12
1.347474649221469534e-12
1.347475082902338528e-12
1.347474649221469534e-12
1.719186099903569076e-12
1.719186750424872567e-12
1.719186099903569076e-12
2.324430578570790829e-12
2.324431229092094320e-12
2.324430578570790829e-12
1.454211100496149989e-12
1.454211859437670729e-12
1.454211100496149989e-12
1.947378619037570813e-13
1.947379161138657055e-13
1.947378619037570813e-13
1.633599939349084096e-13
1.633600074874355657e-13
1.633599939349084096e-13
8.195563368576519458e-13
8.195564994879778187e-13
8.195563368576519458e-13
8.434124167296108698e-13
8.434127419902626155e-13
8.434124167296108698e-13
7.877293110337968418e-13
7.877294194540140904e-13
7.877293110337968418e-13
2.646527203116477711e-13
2.646527474167020832e-13
2.646527203116477711e-13
9.755307455935890992e-13
9.755307455935890992e-13
9.755307455935890992e-13
2.223454276598091361e-12
2.223454493438525859e-12
2.223454276598091361e-12
2.929643723795227750e-12
2.929644157476096744e-12
2.929643723795227750e-12
1.418939943841068807e-12
1.418940594362372298e-12
1.418939943841068807e-12
1.066897221610463298e-12
1.066897330030680546e-12
1.066897221610463298e-12
1.549292107366068150e-13
1.549292784992425953e-13
1.549292107366068150e-13
2.094168344594568576e-13
2.094169293271469501e-13
2.094168344594568576e-13
8.350849308932928317e-13
8.350852561539445773e-13
8.350849308932928317e-13
2.887439853188622507e-12
2.887440503709925999e-12
2.887439853188622507e-12
3.246092630804220391e-12
3.246093064485089386e-12
3.246092630804220391e-12
1.397779786881103714e-12
1.397780112141755460e-12
1.397779786881103714e-12
1.543309642408619009e-12
1.543310401350139749e-12
1.543309642408619009e-12
1.491673863422693369e-12
1.491674188683345115e-12
1.491673863422693369e-12
9.587021931531380936e-13
9.587024099935725907e-13
9.587021931531380936e-13
3.345671992487780910e-13
3.345671992487780910e-13
3.345671992487780910e-13
7.129615230442795659e-14
7.129615908069153463e-14
7.129615230442795659e-14
1.288038957176357302e-13
1.288039228226900423e-13
1.288038957176357302e-13
1.249845929876536310e-12
1.249846363557405304e-12
1.249845929876536310e-12
1.515416373117084436e-12
1.515416589957518934e-12
1.515416373117084436e-12
1.571436557268324208e-12
1.571436990949193202e-12
1.571436557268324208e-12
1.628055329438993226e-12
1.628056196800731215e-12
1.628055329438993226e-12
1.916285923345140141e-12
1.916286573866443632e-12
1.916285923345140141e-12
1.033281641672767481e-12
1.033282075353636476e-12
1.033281641672767481e-12
9.858356535621948247e-13
9.858358704026293218e-13
9.858356535621948247e-13
2.062747759060123975e-12
2.062747975900558473e-12
2.062747759060123975e-12
5.657101848598189431e-13
5.657104559103620645e-13
5.657101848598189431e-13
3.985711229375493714e-13
3.985712313577666199e-13
3.985711229375493714e-13
3.479407517312238518e-13
3.479408330463867882e-13
3.479407517312238518e-13
1.840733647321193822e-13
1.840733647321193822e-13
1.840733647321193822e-13
3.479553071453894697e-13
3.479553071453894697e-13
3.479553071453894697e-13
4.932310527887284746e-13
4.932311612089457231e-13
4.932310527887284746e-13
9.058602392503223300e-13
9.058605645109740756e-13
9.058602392503223300e-13
1.860040333562240633e-12
1.860040550402675130e-12
1.860040333562240633e-12
2.429149763283344754e-12
2.429149980123779251e-12
2.429149763283344754e-12
1.960250321439427346e-12
1.960251188801165334e-12
1.960250321439427346e-12
1.980273584001324139e-12
1.980274234522627630e-12
1.980273584001324139e-12
2.738028337043174609e-12
2.738029638085781592e-12
2.738028337043174609e-12
2.805122887444833069e-12
2.805124188487440051e-12
2.805122887444833069e-12
2.876318974665004191e-12
2.876319625186307682e-12
2.876318974665004191e-12
2.792176212462749163e-12
2.792177079824487151e-12
2.792176212462749163e-12
1.043877007403382073e-12
1.043877332664033819e-12
1.043877007403382073e-12
5.644122322290279214e-13
5.644126116997882914e-13
5.644122322290279214e-13
3.763033721432273992e-13
3.763034263533360235e-13
3.763033721432273992e-13
1.266482361692022884e-12
1.266482361692022884e-12
1.266482361692022884e-12
1.878832809817931881e-12
1.878833026658366379e-12
1.878832809817931881e-12
2.221837514318480977e-12
2.221838381680218966e-12
2.221837514318480977e-12
2.396764210710333742e-12
2.396765078072071731e-12
2.396764210710333742e-12
2.752654224350004064e-12
2.752654441190438561e-12
2.752654224350004064e-12
2.963936821670509758e-12
2.963937038510944255e-12
2.963936821670509758e-12
2.456040796086633726e-12
2.456041446607937218e-12
2.456040796086633726e-12
1.372714984217149325e-12
1.372715634738452817e-12
1.372714984217149325e-12
1.441621886970334554e-12
1.441622537491638045e-12
1.441621886970334554e-12
1.436138859743640861e-12
1.436139185004292607e-12
1.436138859743640861e-12
1.218571250849453946e-12
1.218571359269671195e-12
1.218571250849453946e-12
1.143220392484101122e-12
1.143220826164970116e-12
1.143220392484101122e-12
4.218469649118483655e-13
4.218472088573371748e-13
4.218469649118483655e-13
5.538603972156386224e-13
5.538603972156386224e-13
5.538603972156386224e-13
7.502489298219505720e-13
7.502489840320591963e-13
7.502489298219505720e-13
1.079879892104673722e-12
1.079879892104673722e-12
1.079879892104673722e-12
1.066441531437367640e-12
1.066442073538453883e-12
1.066441531437367640e-12
1.496278795309891052e-12
1.496279554251411792e-12
1.496278795309891052e-12
2.930199268988409322e-12
2.930199485828843819e-12
2.930199268988409322e-12
3.335939163795487161e-12
3.335939380635921658e-12
3.335939163795487161e-12
2.614411508464198342e-12
2.614412158985501833e-12
2.614411508464198342e-12
2.642940553909678414e-12
2.642941204430981905e-12
2.642940553909678414e-12
2.844071115767898839e-12
2.844072199970071324e-12
2.844071115767898839e-12
2.303341328432906288e-12
2.303342195794644276e-12
2.303341328432906288e-12
1.289939943055484761e-12
1.289940268316136507e-12
1.289939943055484761e-12
1.253299005375685393e-12
1.253299439056554387e-12
1.253299005375685393e-12
2.987964151275612767e-13
2.987964693376699010e-13
2.987964151275612767e-13
7.980924000014835706e-14
7.980924000014835706e-14
7.980924000014835706e-14
2.062633104680383633e-13
2.062633240205655194e-13
2.062633104680383633e-13
3.791552304326789580e-13
3.791553117478418944e-13
3.791552304326789580e-13
1.182344261559109544e-12
1.182344586819761290e-12
1.182344261559109544e-12
2.102883405602495870e-12
2.102884272964233858e-12
2.102883405602495870e-12
3.014089628924909725e-12
3.014090062605778719e-12
3.014089628924909725e-12
3.668669534828694623e-12
3.668670402190432611e-12
3.668669534828694623e-12
3.296053317433655927e-12
3.296053534274090424e-12
3.296053317433655927e-12
2.348364775209277333e-12
2.348365425730580824e-12
2.348364775209277333e-12
7.833510316107572535e-13
7.833515737118434963e-13
7.833510316107572535e-13
9.375502761296838905e-13
9.375502761296838905e-13
9.375502761296838905e-13
1.840518406084901137e-12
1.840519273446639126e-12
1.840518406084901137e-12
1.357973195698081170e-12
1.357973737799167413e-12
1.357973195698081170e-12
1.582178181872007094e-12
1.582179266074179580e-12
1.582178181872007094e-12
6.400781597457050331e-13
6.400781597457050331e-13
6.400781597457050331e-13
1.271075475775540475e-12
1.271075584195757724e-12
1.271075475775540475e-12
2.079994596698719889e-12
2.079994813539154386e-12
2.079994596698719889e-12
2.456563598374206236e-12
2.456563815214640734e-12
2.456563598374206236e-12
1.943476846469338604e-12
1.943477280150207598e-12
1.943476846469338604e-12
1.287508511263468769e-12
1.287509812306075752e-12
1.287508511263468769e-12
1.702018625863999102e-12
1.702018734284216350e-12
1.702018625863999102e-12
3.497137909119762966e-12
3.497138125960197463e-12
3.497137909119762966e-12
5.603458669289906879e-12
5.603459970332513862e-12
5.603458669289906879e-12
8.140595836314545863e-12
8.140598438399759829e-12
8.140595836314545863e-12
8.960357629483883812e-12
8.960361098930835766e-12
8.960357629483883812e-12
1.002921183601568345e-11
1.002921357073915942e-11
1.002921183601568345e-11
1.107146926221380667e-11
1.107147533374597259e-11
1.107146926221380667e-11
7.771527345268314235e-12
7.771531682077004177e-12
7.771527345268314235e-12
1.290097179475549471e-13
1.290097179475549471e-13
1.290097179475549471e-13
2.620381125625903529e-13
2.620381125625903529e-13
2.620381125625903529e-13
1.885008804863169685e-13
1.885009075913712806e-13
1.885008804863169685e-13
2.393377108913380402e-13
2.393378464166096009e-13
2.393377108913380402e-13
7.549301353319826102e-13
7.549301353319826102e-13
7.549301353319826102e-13
8.568602099558175755e-13
8.568614025782073096e-13
8.568602099558175755e-13
1.296422279424558344e-12
1.296422496264992841e-12
1.296422279424558344e-12
2.372405006820232920e-12
2.372405006820232920e-12
2.372405006820232920e-12
3.036419423188552180e-12
3.036419856869421174e-12
3.036419423188552180e-12
3.335117772229612143e-12
3.335118422750915634e-12
3.335117772229612143e-12
4.893065987110478687e-12
4.893067288153085670e-12
4.893065987110478687e-12
6.981696904634349110e-12
6.981696904634349110e-12
6.981696904634349110e-12
9.961873340125215748e-12
9.961876809572167701e-12
9.961873340125215748e-12
1.743378878760193373e-11
1.743380093066626557e-11
1.743378878760193373e-11
2.491178097141499848e-11
2.633705970325750378e-12
7.139530936936533401e-13
9.253068146766740831e-13
9.482637114768821540e-13
1.715696812051858977e-13
-2.088839897492617004e-13
1.654575050103260225e-13
1.461039405778463696e-13
2.710058197817610814e-14
2.073802690986600861e-13
7.622468465879467248e-14
1.503976454551685105e-14
6.495899738251376121e-14
8.844783764986111074e-14
1.511814978760739336e-11
5.975701270616307070e-12
3.151338998780284228e-12
1.923907430936844243e-12
1.348165177585125551e-12
-4.679192146597732638e-13
1.656557486670595658e-12
1.576811462433366784e-13
4.558240720639594734e-13
1.007215009096382174e-13
-4.540847949388582272e-13
4.973180070880212078e-13
1.118618869408449790e-12
1.190817735217952755e-13
1.839933912693714202e-13
6.730484659184243768e-12
6.198526501105527942e-12
5.068679850839252765e-12
2.331297264610010522e-12
2.877454351180031011e-12
2.704332634564932114e-12
1.357070814229921485e-12
1.260978192522965724e-12
5.556585465187058315e-13
8.927008980121053927e-15
-6.319927220443943838e-13
4.671860771507385657e-13
9.055752024991758908e-13
4.969348500402648305e-13
5.539699558451682826e-13
6.555717340511746372e-12
5.728227787937800741e-12
1.943664413445178596e-12
2.359939067081429087e-12
2.213051139912658449e-12
1.820345306782766848e-12
2.484037281424988919e-12
1.946129889185410633e-12
8.894340884461893193e-13
1.024190498036259278e-12
1.176465283699024145e-12
6.406811929940414707e-13
4.066937487733762735e-13
8.424329484869874651e-13
8.540817250483889733e-13
5.189495534685395484e-12
4.498043864459289054e-12
1.280973916349681385e-12
2.520300591488111586e-12
2.550764070449740295e-12
2.523300362058944479e-12
1.693566294147519358e-12
1.059882216714047587e-12
2.037676668023569171e-12
1.675023509652151521e-12
2.306228558818235186e-12
9.498232278817853036e-13
6.268784319765630109e-13
9.539015627738067771e-13
1.019201433319349981e-12
3.614117685679651970e-12
3.422656472476526268e-12
3.641857648783997092e-12
2.612393374540333824e-12
1.193146276223799873e-12
2.231851422423991593e-12
2.373126868626673769e-12
1.332764953086706949e-12
1.435483242689938876e-12
1.887783549273103212e-12
1.941688780246475510e-12
1.417689641895758523e-12
1.405141194371628544e-12
1.134158413886032779e-12
1.241207982748127048e-12
3.273234547990222509e-12
3.125583559332456574e-12
2.759229043164390660e-12
1.583128593496407888e-12
2.395517595052409909e-12
1.860140080162109300e-12
1.767882389959452016e-12
2.202984973262434032e-12
2.694956454177277472e-12
1.919161010666137201e-12
1.285492112063080228e-12
1.393833616233908224e-12
1.460824408487659820e-12
1.657235655129485341e-12
1.505861082530535189e-12
2.297701959252940185e-12
1.877658402024695583e-12
2.053039162286385277e-12
3.093832915551653073e-12
2.747559992022363673e-12
2.772108063930911470e-12
1.713394291898151511e-12
1.577315968809278601e-12
6.426006103101011835e-13
1.560507907789887572e-12
3.133805064406414154e-12
1.248303435445741183e-12
1.512459645372499217e-12
2.190206783297954374e-12
2.464563058843238785e-12
1.963134949739542279e-12
2.140929794558488197e-12
1.995531778015147140e-12
1.972790854287698181e-12
2.481989874042467292e-12
2.716088638721192439e-12
1.656775628147699742e-12
1.289085266482914438e-12
1.525605054612799716e-12
1.607954112740894725e-12
2.056892850488267754e-12
2.745342148058327325e-12
1.679598842820040350e-12
2.240837073189116957e-12
2.812505003196852371e-12
1.779061490139732804e-12
1.977048733059483254e-12
1.850256493157731441e-12
1.560161613615995702e-12
1.527809562890114492e-12
2.146979209000088318e-12
2.125675720512920641e-12
1.269062220761452142e-12
7.678502473608406209e-13
1.540859779179670763e-12
1.985696763268096632e-12
2.829484259739278862e-12
3.427898156299624688e-12
2.720302065203905606e-12
3.376915717542838813e-12
1.402758226416722653e-12
1.086868659308515284e-12
1.237905177670084456e-12
1.217156800695229357e-12
1.352882758078044478e-12
1.791089195360417996e-12
1.914392906351980450e-12
1.776958354765545423e-12
1.851176547121302640e-12
1.471952768006268286e-12
1.991179573654355828e-12
3.047051977053683025e-12
3.503250424127801743e-12
3.441676631188439472e-12
3.798762953505230300e-12
8.488972870999977882e-13
8.904800724920947097e-13
9.082741611772526813e-13
1.230595486623187185e-12
9.230452773650865694e-13
3.571679627403789858e-13
1.508652903124685363e-12
2.498486226937268739e-12
1.822647284835388071e-12
1.270822097727830613e-12
2.531910011510651870e-12
4.060452495069366563e-12
3.539889735504342383e-12
4.396177866183847982e-12
4.097560832305724432e-12
7.690880267710586971e-13
7.640258326176152526e-13
7.353820785822862138e-13
4.274058591855617317e-13
2.505730557533824079e-15
-5.540383147921434936e-13
8.540724009097055980e-13
2.871102661172741932e-12
2.770335827059766665e-12
2.835836166587002438e-12
2.377710008050204493e-12
3.157485340896104553e-12
4.022437331135941818e-12
4.171974831573832532e-12
5.679741399422510995e-12
1.290097179475549471e-13
1.330283946150354057e-13
-7.353721852374622836e-14
5.083684056941643881e-14
5.155925057558075064e-13
1.019301152814164335e-13
4.395620965737950803e-13
1.075982944236109073e-12
6.640144163683192602e-13
2.986983490410599629e-13
1.557948323301083793e-12
2.088630917523870423e-12
2.980176869171735632e-12
7.471931059988001778e-12
1.345141706354802125e-11
