1.698732376098632812e-05
1.755454540252685547e-01
8.583068847656250000e-06
4.768371582031250000e-06
1.390891671180725098e-01
4.768371582031250000e-06
3.695487976074218750e-06
3.658950328826904297e-02
3.755092620849609375e-06
2.443790435791015625e-06
1.530694961547851562e-02
2.443790435791015625e-06
1.072883605957031250e-06
6.704175472259521484e-02
1.072883605957031250e-06
8.344650268554687500e-07
5.368864536285400391e-02
8.344650268554687500e-07
1.132488250732421875e-06
1.207917928695678711e-02
1.132488250732421875e-06
9.536743164062500000e-07
3.884318470954895020e-02
8.940696716308593750e-07
6.556510925292968750e-07
3.163751959800720215e-02
6.854534149169921875e-07
6.556510925292968750e-07
2.485722303390502930e-03
6.556510925292968750e-07
3.576278686523437500e-07
2.251693606376647949e-02
3.278255462646484375e-07
2.384185791015625000e-07
1.511812210083007812e-02
2.682209014892578125e-07
2.086162567138671875e-07
5.662918090820312500e-03
2.086162567138671875e-07
1.490116119384765625e-07
3.122270107269287109e-03
2.682209014892578125e-07
2.753734588623046875e-05
3.716683387756347656e-02
1.424551010131835938e-05
9.417533874511718750e-06
7.234531641006469727e-02
9.119510650634765625e-06
5.722045898437500000e-06
4.801201820373535156e-02
5.722045898437500000e-06
4.351139068603515625e-06
1.644730567932128906e-02
4.351139068603515625e-06
3.755092620849609375e-06
1.625752449035644531e-02
3.755092620849609375e-06
4.589557647705078125e-06
2.204608917236328125e-02
4.768371582031250000e-06
2.026557922363281250e-06
4.321435093879699707e-02
2.026557922363281250e-06
2.026557922363281250e-06
3.725898265838623047e-02
1.996755599975585938e-06
1.549720764160156250e-06
2.170509099960327148e-02
1.549720764160156250e-06
1.460313796997070312e-06
1.739570498466491699e-02
1.430511474609375000e-06
2.413988113403320312e-06
1.172348856925964355e-02
2.384185791015625000e-06
1.788139343261718750e-06
9.977459907531738281e-03
1.817941665649414062e-06
2.086162567138671875e-07
9.858369827270507812e-03
2.384185791015625000e-07
1.192092895507812500e-07
5.084812641143798828e-03
2.682209014892578125e-07
2.384185791015625000e-05
1.865893602371215820e-02
1.233816146850585938e-05
1.204013824462890625e-05
6.622743606567382812e-02
1.204013824462890625e-05
9.179115295410156250e-06
4.532510042190551758e-02
8.940696716308593750e-06
8.344650268554687500e-06
1.517522335052490234e-02
8.523464202880859375e-06
6.258487701416015625e-06
1.226454973220825195e-02
6.079673767089843750e-06
1.609325408935546875e-06
2.671778202056884766e-02
1.609325408935546875e-06
2.086162567138671875e-06
3.992229700088500977e-02
2.115964889526367188e-06
4.768371582031250000e-07
3.791671991348266602e-02
4.768371582031250000e-07
3.576278686523437500e-07
2.092775702476501465e-02
3.278255462646484375e-07
4.768371582031250000e-07
1.617950201034545898e-02
4.768371582031250000e-07
7.450580596923828125e-07
1.381582021713256836e-02
7.450580596923828125e-07
7.748603820800781250e-07
1.134404540061950684e-02
7.450580596923828125e-07
1.043081283569335938e-06
7.661610841751098633e-03
1.072883605957031250e-06
5.364418029785156250e-07
5.226135253906250000e-03
1.102685928344726562e-06
4.768371582031250000e-07
1.486158370971679688e-02
2.384185791015625000e-07
9.536743164062500000e-07
5.736064910888671875e-02
8.940696716308593750e-07
5.364418029785156250e-06
1.843786239624023438e-02
5.483627319335937500e-06
5.424022674560546875e-06
2.122664451599121094e-02
5.483627319335937500e-06
6.377696990966796875e-06
1.037549972534179688e-02
6.318092346191406250e-06
7.629394531250000000e-06
1.093864440917968750e-02
7.808208465576171875e-06
6.079673767089843750e-06
3.871890902519226074e-02
5.841255187988281250e-06
4.887580871582031250e-06
2.893808484077453613e-02
5.006790161132812500e-06
4.529953002929687500e-06
1.380875706672668457e-02
4.440546035766601562e-06
3.010034561157226562e-06
7.827103137969970703e-03
2.980232238769531250e-06
4.470348358154296875e-07
2.813071012496948242e-02
4.470348358154296875e-07
2.086162567138671875e-07
1.698711514472961426e-02
2.086162567138671875e-07
9.238719940185546875e-07
2.404808998107910156e-03
9.238719940185546875e-07
4.172325134277343750e-07
5.963563919067382812e-03
8.642673492431640625e-07
3.933906555175781250e-06
8.418619632720947266e-03
1.907348632812500000e-06
3.695487976074218750e-06
1.841497421264648438e-02
3.814697265625000000e-06
4.827976226806640625e-06
2.360051870346069336e-02
4.649162292480468750e-06
4.470348358154296875e-06
1.943749189376831055e-02
4.470348358154296875e-06
3.933906555175781250e-06
5.433619022369384766e-03
3.904104232788085938e-06
2.920627593994140625e-06
1.918369531631469727e-02
2.920627593994140625e-06
4.053115844726562500e-06
3.209513425827026367e-02
4.172325134277343750e-06
5.453824996948242188e-06
1.496249437332153320e-02
5.453824996948242188e-06
3.784894943237304688e-06
1.564314961433410645e-02
3.695487976074218750e-06
2.771615982055664062e-06
9.886473417282104492e-03
2.771615982055664062e-06
1.132488250732421875e-06
2.080410718917846680e-02
1.162290573120117188e-06
7.152557373046875000e-07
1.373869180679321289e-02
7.152557373046875000e-07
4.172325134277343750e-07
8.441865444183349609e-03
4.172325134277343750e-07
2.384185791015625000e-07
6.124794483184814453e-03
4.768371582031250000e-07
4.470348358154296875e-06
5.900859832763671875e-03
2.264976501464843750e-06
3.755092620849609375e-06
6.363630294799804688e-03
3.814697265625000000e-06
4.172325134277343750e-07
2.831220626831054688e-02
4.172325134277343750e-07
2.980232238769531250e-07
1.956087350845336914e-02
2.980232238769531250e-07
2.235174179077148438e-06
5.333244800567626953e-03
2.264976501464843750e-06
2.652406692504882812e-06
1.604023575782775879e-02
2.712011337280273438e-06
1.698732376098632812e-06
2.968612313270568848e-02
1.639127731323242188e-06
1.281499862670898438e-06
1.869091391563415527e-02
1.251697540283203125e-06
2.115964889526367188e-06
1.426973938941955566e-02
2.115964889526367188e-06
1.847743988037109375e-06
1.228207349777221680e-02
1.847743988037109375e-06
2.324581146240234375e-06
1.564303040504455566e-02
2.354383468627929688e-06
1.698732376098632812e-06
1.249909400939941406e-02
1.698732376098632812e-06
5.960464477539062500e-07
9.694784879684448242e-03
5.960464477539062500e-07
2.980232238769531250e-07
6.374776363372802734e-03
6.556510925292968750e-07
9.536743164062500000e-07
4.244089126586914062e-03
4.768371582031250000e-07
9.536743164062500000e-07
8.270680904388427734e-03
8.940696716308593750e-07
2.205371856689453125e-06
1.912319660186767578e-02
2.175569534301757812e-06
3.695487976074218750e-06
5.797207355499267578e-03
3.695487976074218750e-06
1.937150955200195312e-06
1.551386713981628418e-02
1.907348632812500000e-06
2.443790435791015625e-06
1.737627387046813965e-02
2.473592758178710938e-06
3.308057785034179688e-06
1.956212520599365234e-02
3.337860107421875000e-06
2.086162567138671875e-06
1.971119642257690430e-02
2.115964889526367188e-06
2.980232238769531250e-07
1.873120665550231934e-02
2.682209014892578125e-07
2.384185791015625000e-07
1.281201839447021484e-02
2.384185791015625000e-07
1.162290573120117188e-06
1.048409938812255859e-02
1.162290573120117188e-06
1.192092895507812500e-06
1.237535476684570312e-02
1.221895217895507812e-06
1.132488250732421875e-06
6.982952356338500977e-03
1.132488250732421875e-06
3.874301910400390625e-07
7.450908422470092773e-03
7.748603820800781250e-07
2.801418304443359375e-06
2.770811319351196289e-03
1.400709152221679688e-06
3.248453140258789062e-06
4.518806934356689453e-03
3.129243850708007812e-06
4.112720489501953125e-06
6.296217441558837891e-03
4.291534423828125000e-06
2.086162567138671875e-06
1.480293273925781250e-02
1.996755599975585938e-06
1.519918441772460938e-06
9.639412164688110352e-03
1.549720764160156250e-06
2.086162567138671875e-07
1.635095477104187012e-02
2.086162567138671875e-07
3.278255462646484375e-07
2.437987923622131348e-02
2.980232238769531250e-07
1.221895217895507812e-06
2.495977282524108887e-02
1.221895217895507812e-06
4.172325134277343750e-06
1.035079360008239746e-02
4.142522811889648438e-06
4.678964614868164062e-06
5.591183900833129883e-03
4.678964614868164062e-06
1.996755599975585938e-06
1.173484325408935547e-02
2.056360244750976562e-06
2.264976501464843750e-06
1.314517855644226074e-02
2.235174179077148438e-06
2.145767211914062500e-06
9.232997894287109375e-03
2.175569534301757812e-06
1.400709152221679688e-06
5.713671445846557617e-03
2.771615982055664062e-06
9.536743164062500000e-07
1.177161931991577148e-03
4.768371582031250000e-07
8.940696716308593750e-08
5.192101001739501953e-03
8.940696716308593750e-08
2.086162567138671875e-07
1.024675369262695312e-02
1.788139343261718750e-07
1.817941665649414062e-06
1.349487900733947754e-02
1.788139343261718750e-06
2.205371856689453125e-06
9.730964899063110352e-03
2.175569534301757812e-06
2.235174179077148438e-06
1.232728362083435059e-02
2.324581146240234375e-06
2.413988113403320312e-06
2.385702729225158691e-02
2.294778823852539062e-06
2.682209014892578125e-06
2.137684822082519531e-02
2.712011337280273438e-06
1.490116119384765625e-06
1.387202739715576172e-02
1.460313796997070312e-06
1.370906829833984375e-06
1.156669855117797852e-02
1.370906829833984375e-06
2.890825271606445312e-06
4.571974277496337891e-03
2.920627593994140625e-06
8.046627044677734375e-07
1.415693759918212891e-02
8.046627044677734375e-07
5.662441253662109375e-07
1.181629300117492676e-02
5.662441253662109375e-07
5.066394805908203125e-07
6.757348775863647461e-03
1.013278961181640625e-06
5.364418029785156250e-07
2.254843711853027344e-03
2.682209014892578125e-07
5.066394805908203125e-07
4.310756921768188477e-03
5.066394805908203125e-07
7.152557373046875000e-07
1.010778546333312988e-02
6.854534149169921875e-07
1.281499862670898438e-06
1.656973361968994141e-02
1.281499862670898438e-06
2.652406692504882812e-06
1.113265752792358398e-02
2.622604370117187500e-06
3.427267074584960938e-06
5.909889936447143555e-03
3.486871719360351562e-06
2.831220626831054688e-06
2.159047126770019531e-02
2.801418304443359375e-06
2.831220626831054688e-06
2.283489704132080078e-02
2.861022949218750000e-06
3.963708877563476562e-06
1.437407732009887695e-02
3.874301910400390625e-06
3.963708877563476562e-06
1.431030035018920898e-02
4.053115844726562500e-06
4.142522811889648438e-06
8.710891008377075195e-03
4.082918167114257812e-06
3.933906555175781250e-06
7.701188325881958008e-03
3.933906555175781250e-06
1.460313796997070312e-06
1.523476839065551758e-02
1.490116119384765625e-06
8.046627044677734375e-07
1.018655300140380859e-02
1.639127731323242188e-06
1.102685928344726562e-06
4.608035087585449219e-03
5.364418029785156250e-07
1.817941665649414062e-06
2.803951501846313477e-03
1.728534698486328125e-06
2.622604370117187500e-06
6.615281105041503906e-03
2.741813659667968750e-06
3.248453140258789062e-06
1.616740226745605469e-02
3.218650817871093750e-06
3.457069396972656250e-06
1.852020621299743652e-02
3.516674041748046875e-06
4.082918167114257812e-06
5.659461021423339844e-03
3.904104232788085938e-06
4.202127456665039062e-06
1.124128699302673340e-02
4.261732101440429688e-06
3.546476364135742188e-06
1.650303602218627930e-02
3.546476364135742188e-06
1.996755599975585938e-06
2.407562732696533203e-02
1.966953277587890625e-06
2.086162567138671875e-06
1.964688301086425781e-02
1.996755599975585938e-06
1.996755599975585938e-06
1.827934384346008301e-02
2.056360244750976562e-06
1.728534698486328125e-06
1.398393511772155762e-02
1.758337020874023438e-06
1.609325408935546875e-06
7.759064435958862305e-03
1.639127731323242188e-06
5.960464477539062500e-07
1.714277267456054688e-02
1.192092895507812500e-06
1.579523086547851562e-06
1.108765602111816406e-03
8.046627044677734375e-07
1.072883605957031250e-06
4.483669996261596680e-03
1.043081283569335938e-06
1.519918441772460938e-06
6.387621164321899414e-03
1.549720764160156250e-06
1.519918441772460938e-06
1.767158508300781250e-02
1.519918441772460938e-06
2.115964889526367188e-06
2.331203222274780273e-02
2.145767211914062500e-06
4.172325134277343750e-06
6.970316171646118164e-03
4.142522811889648438e-06
4.708766937255859375e-06
9.777069091796875000e-03
4.708766937255859375e-06
3.695487976074218750e-06
1.729485392570495605e-02
3.755092620849609375e-06
3.784894943237304688e-06
1.995271444320678711e-02
3.784894943237304688e-06
4.082918167114257812e-06
2.524513006210327148e-02
4.112720489501953125e-06
3.337860107421875000e-06
2.898859977722167969e-02
3.337860107421875000e-06
1.877546310424804688e-06
1.831696927547454834e-02
1.892447471618652344e-06
1.832842826843261719e-06
7.190585136413574219e-03
1.817941665649414062e-06
4.470348358154296875e-07
2.040044963359832764e-02
8.791685104370117188e-07
2.384185791015625000e-07
1.681089401245117188e-03
1.192092895507812500e-07
2.980232238769531250e-07
4.728138446807861328e-03
2.980232238769531250e-07
5.364418029785156250e-07
1.075652241706848145e-02
5.662441253662109375e-07
1.728534698486328125e-06
1.350578665733337402e-02
1.668930053710937500e-06
2.980232238769531250e-06
1.546382904052734375e-02
3.039836883544921875e-06
4.380941390991210938e-06
2.268782258033752441e-02
4.261732101440429688e-06
5.215406417846679688e-06
2.219167351722717285e-02
5.215406417846679688e-06
4.678964614868164062e-06
8.938968181610107422e-03
4.798173904418945312e-06
3.427267074584960938e-06
1.272636651992797852e-02
3.367662429809570312e-06
1.132488250732421875e-06
4.123085737228393555e-02
1.162290573120117188e-06
1.370906829833984375e-06
4.559057950973510742e-02
1.341104507446289062e-06
2.637505531311035156e-06
1.301674544811248779e-02
2.652406692504882812e-06
1.952052116394042969e-06
1.574110984802246094e-02
1.952052116394042969e-06
2.279877662658691406e-06
1.751039922237396240e-02
4.529953002929687500e-06
1.817941665649414062e-06
1.610845327377319336e-03
9.238719940185546875e-07
1.847743988037109375e-06
4.340946674346923828e-03
1.817941665649414062e-06
2.980232238769531250e-06
6.603926420211791992e-03
3.010034561157226562e-06
3.546476364135742188e-06
7.726073265075683594e-03
3.546476364135742188e-06
2.801418304443359375e-06
7.902204990386962891e-03
2.741813659667968750e-06
1.817941665649414062e-06
4.176852107048034668e-02
1.847743988037109375e-06
2.443790435791015625e-06
4.703360795974731445e-02
2.354383468627929688e-06
4.857778549194335938e-06
7.807254791259765625e-03
5.036592483520507812e-06
8.076429367065429688e-06
1.345771551132202148e-02
7.808208465576171875e-06
1.138448715209960938e-05
3.594945371150970459e-02
1.177191734313964844e-05
1.294910907745361328e-05
5.433039367198944092e-02
1.321732997894287109e-05
1.478195190429687500e-05
2.182322740554809570e-02
1.440942287445068359e-05
1.589953899383544922e-05
1.715208590030670166e-02
1.557171344757080078e-05
1.092255115509033203e-05
3.061748296022415161e-02
2.203136682510375977e-05
3.576278686523437500e-07
1.660972833633422852e-03
1.788139343261718750e-07
3.874301910400390625e-07
1.879960298538208008e-03
3.576278686523437500e-07
2.682209014892578125e-07
8.092969655990600586e-03
2.682209014892578125e-07
3.278255462646484375e-07
1.326361298561096191e-02
3.278255462646484375e-07
1.102685928344726562e-06
2.983838319778442383e-03
1.102685928344726562e-06
1.251697540283203125e-06
4.579064249992370605e-02
1.192092895507812500e-06
1.817941665649414062e-06
5.452305078506469727e-02
1.817941665649414062e-06
3.337860107421875000e-06
2.977281808853149414e-03
3.367662429809570312e-06
4.291534423828125000e-06
9.135574102401733398e-03
4.440546035766601562e-06
4.857778549194335938e-06
5.064785480499267578e-02
4.678964614868164062e-06
6.854534149169921875e-06
6.022541224956512451e-02
6.929039955139160156e-06
9.879469871520996094e-06
3.116413205862045288e-02
9.976327419281005859e-06
1.422315835952758789e-05
5.329036340117454529e-02
1.462921500205993652e-05
2.560392022132873535e-05
6.054377183318138123e-02
5.024769052397459745e-05
2.575976252555847168e-01
1.192352175712585449e-01
5.250036716461181641e-02
6.392687559127807617e-02
6.507104635238647461e-02
1.429218053817749023e-02
-1.734268665313720703e-02
1.379427313804626465e-02
1.221224665641784668e-02
2.281576395034790039e-03
1.719313859939575195e-02
6.403803825378417969e-03
1.266241073608398438e-03
5.461722612380981445e-03
7.424235343933105469e-03
3.153073787689208984e-02
1.301723718643188477e-02
6.904900074005126953e-03
4.224658012390136719e-03
2.960741519927978516e-03
-1.027405261993408203e-03
3.638148307800292969e-03
3.462433815002441406e-04
1.000910997390747070e-03
2.211630344390869141e-04
-9.969770908355712891e-04
1.092046499252319336e-03
2.456545829772949219e-03
2.614557743072509766e-04
4.040300846099853516e-04
6.861913204193115234e-02
6.478631496429443359e-02
5.589729547500610352e-02
2.900278568267822266e-02
3.504824638366699219e-02
3.315955400466918945e-02
1.739263534545898438e-02
1.619696617126464844e-02
7.227271795272827148e-03
1.165568828582763672e-04
-8.230805397033691406e-03
6.083488464355468750e-03
1.172545552253723145e-02
6.468385457992553711e-03
7.205456495285034180e-03
7.168006896972656250e-02
6.524223089218139648e-02
2.630221843719482422e-02
3.146350383758544922e-02
2.967238426208496094e-02
2.472564578056335449e-02
3.296110033988952637e-02
2.633363008499145508e-02
1.235905289649963379e-02
1.419195532798767090e-02
1.625087857246398926e-02
8.925676345825195312e-03
5.678266286849975586e-03
1.171430945396423340e-02
1.187497377395629883e-02
1.947396993637084961e-02
1.695710420608520508e-02
4.905819892883300781e-03
9.608864784240722656e-03
9.723901748657226562e-03
9.620189666748046875e-03
6.476253271102905273e-03
4.062354564666748047e-03
7.782399654388427734e-03
6.405740976333618164e-03
8.799493312835693359e-03
3.640800714492797852e-03
2.403169870376586914e-03
3.656446933746337891e-03
3.906667232513427734e-03
3.490054607391357422e-02
3.323847055435180664e-02
3.513979911804199219e-02
2.595433592796325684e-02
1.219746470451354980e-02
2.237743139266967773e-02
2.371302247047424316e-02
1.359233260154724121e-02
1.461428403854370117e-02
1.907208561897277832e-02
1.959881186485290527e-02
1.443752646446228027e-02
1.431280374526977539e-02
1.160204410552978516e-02
1.267838478088378906e-02
3.672775626182556152e-02
3.525725007057189941e-02
3.150990605354309082e-02
1.868695020675659180e-02
2.768936753273010254e-02
2.181413769721984863e-02
2.078431844711303711e-02
2.559605240821838379e-02
3.084287047386169434e-02
2.247020602226257324e-02
1.525825262069702148e-02
1.651072502136230469e-02
1.728263497352600098e-02
1.953473687171936035e-02
1.780050992965698242e-02
8.789777755737304688e-03
7.193356752395629883e-03
7.860451936721801758e-03
1.180297136306762695e-02
1.049444079399108887e-02
1.058730483055114746e-02
6.567776203155517578e-03
6.049007177352905273e-03
2.469033002853393555e-03
5.984902381896972656e-03
1.195380091667175293e-02
4.792690277099609375e-03
5.801558494567871094e-03
8.381664752960205078e-03
9.422689676284790039e-03
1.215541362762451172e-02
1.323246955871582031e-02
1.235195994377136230e-02
1.221400499343872070e-02
1.528781652450561523e-02
1.669040322303771973e-02
1.027536392211914062e-02
8.009731769561767578e-03
9.468078613281250000e-03
9.975016117095947266e-03
1.272389292716979980e-02
1.686522364616394043e-02
1.041573286056518555e-02
1.383602619171142578e-02
1.726615428924560547e-02
2.249833941459655762e-02
2.485236525535583496e-02
2.334809303283691406e-02
1.985955238342285156e-02
1.946112513542175293e-02
2.685037255287170410e-02
2.660101652145385742e-02
1.625466346740722656e-02
9.924203157424926758e-03
1.962187886238098145e-02
2.495452761650085449e-02
3.451880812644958496e-02
4.079717397689819336e-02
3.332176804542541504e-02
4.027733206748962402e-02
1.588293910026550293e-02
1.238441467285156250e-02
1.406270265579223633e-02
1.383274793624877930e-02
1.533350348472595215e-02
2.012261748313903809e-02
2.143380045890808105e-02
1.997053623199462891e-02
2.076271176338195801e-02
1.664340496063232422e-02
2.224576473236083984e-02
3.295764327049255371e-02
3.729096055030822754e-02
3.672288358211517334e-02
3.998009860515594482e-02
1.184156537055969238e-02
1.241186261177062988e-02
1.265481114387512207e-02
1.702174544334411621e-02
1.285630464553833008e-02
5.009859800338745117e-03
2.072769403457641602e-02
3.314331173896789551e-02
2.478945255279541016e-02
1.756232976913452148e-02
3.354215621948242188e-02
5.014017224311828613e-02
4.484146833419799805e-02
5.339224636554718018e-02
5.050767958164215088e-02
1.040983200073242188e-02
1.034197211265563965e-02
9.957849979400634766e-03
5.810141563415527344e-03
3.412365913391113281e-05
-7.527977228164672852e-03
1.154774427413940430e-02
3.638404607772827148e-02
3.525274991989135742e-02
3.599318861961364746e-02
3.073264658451080322e-02
3.949591517448425293e-02
4.832629859447479248e-02
4.976484179496765137e-02
6.289806962013244629e-02
1.538783311843872070e-03
1.586705446243286133e-03
-8.772015571594238281e-04
6.063878536224365234e-04
6.137490272521972656e-03
1.215785741806030273e-03
5.236685276031494141e-03
1.272496581077575684e-02
7.891803979873657227e-03
3.562510013580322266e-03
1.824729144573211670e-02
2.412992715835571289e-02
3.346149623394012451e-02
6.959715485572814941e-02
9.956634044647216797e-02
